31533
73030
20539
84844
22623
67147
25702
46158
68648
57481
42842
16337
62796
3516
90001
52679
55237
80287
9289
47951
99566
42092
99861
83764
37103
86694
57484
90988
45153
48466
60336
90831
56257
99441
91912
23505
2067
78299
58805
45335
47690
99120
43682
89706
60153
14042
31877
42428
98129
16973
63833
77892
19115
79137
94978
38832
74993
1438
89682
19529
7205
53507
36558
30002
58751
44798
48640
77015
91795
39180
3891
96646
36874
81242
88975
12737
2522
49872
32409
75703
42606
92667
51954
56980
12722
23345
95517
35834
46732
83558
24832
17273
49840
80388
76866
62517
35564
11271
39131
96750
30543
79233
92006
82822
33342
83041
3669
14111
41210
39241
11402
84942
52254
56053
86790
42741
9528
32685
61739
12556
78275
1893
87242
11591
37878
68454
7491
39114
26030
21719
58171
35377
94229
16523
39698
52104
20892
23472
73665
66691
81233
46985
23898
2392
91499
97454
52320
87595
29226
82511
84180
98714
80917
51612
77262
83268
83842
88034
25299
52386
9633
92840
77101
65307
83941
46509
19819
2325
48591
65643
57244
37235
50555
94555
12225
75448
85469
84479
96041
19810
32545
16832
16957
62531
92402
21113
45212
78708
79696
22959
12340
14610
28366
33315
98995
22156
38925
55815
57326
89995
34392
46215
21493
61097
94326
5040
83044
6979
4862
22664
46646
49465
96744
24579
36069
82321
43042
83915
90303
47146
53586
78083
75401
60581
34094
66948
38832
73202
74572
61000
50081
64378
93741
29788
3733
41940
94121
73189
9404
20664
75806
41121
56696
99400
16095
40879
22690
43073
46824
15551
84569
2849
51577
11801
10557
75445
60925
80817
28674
10840
45408
72324
14652
26581
93196
88304
97940
76439
12180
60426
57794
51323
14725
3179
70298
61179
27377
73320
71482
58029
17528
35468
21788
12327
44390
93570
92721
47529
22564
98414
47841
71040
33085
82519
57114
13629
29037
5436
66175
3991
60640
14869
40188
60248
88198
42030
15779
76043
60357
53222
23885
15269
9838
73916
91410
6538
59142
86428
90192
46175
34680
77792
78088
76803
59361
80563
68850
7552
30880
5986
75010
81419
95781
16356
91101
75537
97827
21372
23365
40868
13286
11907
26424
49292
85456
63846
77483
18099
36083
54514
4213
24568
62273
34708
83780
6620
24098
90441
47352
69463
90292
10276
56949
82681
37260
46457
69638
57425
90096
21058
67854
39123
53380
81970
14007
37597
4216
57800
82576
43485
10335
95586
33513
47573
92029
90767
17067
87928
68243
34922
42019
98644
14401
13546
96858
23576
12348
83499
86543
88614
91239
47733
36292
96828
42316
23546
18227
22270
40194
69814
76709
30246
18632
98544
63866
44567
29693
46571
48060
15568
61819
24325
24963
16626
4513
90346
43392
11452
25174
22581
56253
89609
67098
70487
20651
63508
86712
75581
662
56557
22828
42302
71275
89205
31053
25943
82634
87265
22423
79856
20010
95238
16916
70289
86804
76271
59721
23932
45415
19913
50955
20599
73948
59047
7991
81493
35501
18150
13622
32099
11177
76456
3022
37959
17968
31673
7767
21521
18325
92558
6160
68643
29478
11956
25673
24544
57476
95854
5523
60660
13431
88524
55244
66259
17598
39031
38572
81655
60690
165
71022
43475
71224
97290
44268
56652
32708
31648
80766
42711
5138
50343
77988
39379
31514
23513
23272
42678
52024
18146
47431
89381
6008
47522
38159
75103
75020
5460
52696
91251
9016
65340
53296
42705
82141
35297
38755
77314
44568
13029
60606
18166
72518
76355
93499
40085
69836
78931
75924
72908
41407
94495
49588
45834
41204
67519
3627
9523
95924
83362
73282
85577
18906
66797
51727
96671
58457
54207
48481
24839
69696
61820
68145
30274
59703
89999
89155
38496
31998
61921
93857
69850
48296
93908
38378
42042
32992
34211
53622
23786
68966
87228
37175
55594
72090
60948
29985
82413
86189
36825
71371
61978
10247
63336
91280
22683
55280
17183
29650
45209
29573
59338
69304
33287
67880
37134
31042
20708
52687
48085
7399
34047
23798
86340
5013
93572
36276
38457
24616
88401
6145
81613
32384
6232
78303
64412
66687
32813
61729
18147
80279
61824
3325
54640
39494
71940
13661
55744
89290
34604
15371
49125
45738
13375
58119
95105
96083
3730
32828
80191
70526
40800
22222
24273
99632
71747
44801
60609
86559
49384
84979
40300
4292
54095
53386
46345
74636
92239
88258
76218
97913
50973
91318
66520
80179
11767
89725
88390
48194
37888
29440
38180
51476
54743
34710
84331
25492
36208
13460
8421
30341
94929
48958
96048
85268
50066
94432
91485
90910
12086
79208
29019
68398
80918
42421
93373
47260
1174
33562
41849
2532
56105
57812
41576
75563
10598
98592
36711
12715
32736
19705
62484
21474
33317
35141
65626
74469
63224
35857
74068
88456
99633
79762
82682
67543
33798
83620
86403
27757
45512
3773
97258
13528
12327
56328
27605
75715
55241
6844
8328
5545
66778
54594
37778
9128
2270
47104
24933
63208
40636
86952
98532
14361
37046
34696
2894
71066
96624
69322
90656
90921
95689
40754
52846
83719
65032
37729
97529
35175
28322
98735
99661
5830
58005
13741
96841
74944
70885
72
98362
80213
36099
87076
8200
50646
9276
11100
36575
42220
38451
4832
89210
63716
9623
63200
78626
23611
12871
81789
97601
37991
13535
93130
31340
14133
7206
71247
61971
64772
22154
35475
36631
13987
8282
60838
28741
27257
17830
94186
20960
35409
39775
82775
77885
25059
97256
45158
56732
36546
55317
52992
25020
44502
14890
46788
15728
95849
88182
78621
52434
45404
60478
60490
19620
60173
43871
98267
36627
60050
19536
8088
17681
24798
46926
44526
64946
25057
90582
18076
46745
28561
78305
43208
58892
91830
57980
37667
53498
72317
64641
88708
46672
86321
44196
12600
84195
93919
5713
59992
52586
13785
90320
61661
71853
57927
51463
66633
95814
29247
38661
97859
76027
43253
64881
39367
16183
19367
16251
73219
55223
36933
32092
4614
69509
66423
43093
49140
77047
67236
5962
7414
60063
90106
13968
19281
96149
34325
94568
72241
2768
87829
27638
36912
55054
21642
30843
16137
32680
19260
62275
23695
87951
96261
84739
53632
4359
5774
20931
61851
32522
31369
4222
57885
48675
40537
95900
96651
79888
9122
96442
67522
79657
29912
25767
1197
17748
87035
85387
53599
68946
11904
44012
80448
46789
36150
7378
86169
30433
22335
42961
16429
75450
84154
30694
64884
82669
4465
1938
81593
23114
21664
10698
3098
81607
82746
53426
72280
86809
54888
16753
79920
41275
46427
86087
39225
51489
12848
92287
99668
84946
13706
8444
17074
48981
42382
34315
23188
94378
72133
22076
79859
95679
49126
3755
60468
49722
15964
78141
74386
64046
67671
2865
39033
77654
26181
16056
8477
68024
69109
81127
87540
50320
63862
8171
96044
67417
39167
55910
99053
2679
72622
59249
85924
21324
85124
59237
63434
60798
10819
34599
26444
45708
54729
46981
83312
98714
59228
15677
42654
55175
75314
31830
13084
66400
74893
6985
28204
94041
46303
26331
85389
56449
86847
43104
78789
86763
43328
7360
14523
2027
54421
69676
19142
62820
17147
38335
91245
23693
33828
97176
511
36109
95577
10498
8415
67653
23739
51297
70579
43950
21632
89602
81932
3025
85537
68767
42784
75764
86078
79334
56420
70703
58977
12448
16978
46512
37615
37780
10113
1389
18930
4523
28401
94964
78866
8294
98391
45377
43933
1606
26902
11889
81404
51068
425
81656
92230
60615
13365
28230
77995
86751
58388
98931
6029
69219
85307
18351
15286
88435
23663
66119
89658
39693
68585
98430
75109
83341
49535
34910
32337
90020
37164
25082
97643
50534
94791
41964
71259
61043
47918
24283
64595
25986
27693
3333
15692
43531
42397
5674
25643
51328
44786
18674
77799
13945
92524
42329
76312
27613
43967
27835
80879
2775
92169
21062
20509
60413
16306
87400
40739
44238
21559
93343
75902
7586
46037
59756
40894
81192
36475
81920
5364
66043
33191
32278
47293
24085
59188
23203
82671
58830
78323
9190
33293
87756
73082
50507
25660
8868
93782
43701
10557
54942
47934
48215
55060
10668
30975
2978
86609
40293
47781
31963
62181
36360
38083
83544
94721
53735
98349
34889
93683
37353
87686
19669
66856
87011
15979
5067
86620
27959
38736
52345
45358
72227
25018
44167
11950
62312
22346
51415
54102
86223
15616
42440
9745
40905
65837
8433
74792
99607
18888
90105
24265
8080
94508
42837
99129
94279
1401
70202
72134
26787
75570
89013
52538
98263
5923
63010
1801
41955
93698
56829
10163
11696
90395
17088
27491
68789
72674
83207
50831
22772
42092
67030
45859
67337
82539
17330
19691
37501
68901
3009
68540
89638
96742
7041
95226
72086
94687
22188
28800
10787
88714
79034
81347
81764
10699
17073
45498
80257
82337
30391
70271
24925
59958
80888
52554
54777
95750
74066
46882
86346
56597
35056
27126
99125
42949
5879
30276
8369
67088
8853
74712
66147
82636
85603
73211
3842
5321
26324
54357
92331
28768
49725
65137
49659
18489
80531
52193
70270
62261
98452
9536
84729
65722
214
36499
84339
8296
24548
71257
61192
16433
38948
52489
20912
68691
76577
14553
22721
20322
41863
40028
89453
23781
74125
77535
8731
26000
70016
82489
15801
43265
17588
53726
8325
50177
87490
19942
93986
70476
60098
76437
12809
24367
41292
84882
7897
69520
34169
26652
40596
71078
89137
43708
59132
49739
50638
10142
33337
86415
55192
52138
62363
6954
12477
74495
47099
31076
18856
57780
94538
45944
11062
61773
87421
56671
66659
8061
9246
73601
97474
17502
62077
19333
62353
46695
52586
77233
46400
1694
50375
57571
15280
6931
41852
27448
55231
72599
12816
36305
52085
34747
93373
70091
45918
38901
89943
84060
21863
218
10831
96673
62173
1056
64215
75249
89808
80246
70391
7752
79593
27473
83719
34514
99456
20870
63961
8715
71280
36244
71564
65065
8580
12343
86921
2425
96541
78121
69775
27989
28836
35189
81641
68167
5243
41458
91518
24457
24219
60445
73119
41363
75400
24797
80487
57805
48431
12278
58075
33502
26573
47825
1276
77429
26208
26200
33811
56742
76663
96390
9569
31450
8714
61066
78179
42627
34662
22286
75970
80107
58059
48065
16988
69386
46965
43505
62309
46819
41035
84915
40166
37259
39794
15662
74246
8888
37129
8448
53010
56304
25328
70305
39003
54775
90917
3804
73858
36138
64116
40790
82055
59919
63887
33431
14504
92068
1349
21449
1600
58044
65798
94089
4685
7062
19560
30743
64649
9904
70633
35073
46973
14012
75352
74094
73546
96434
47231
95843
13394
87751
12709
27126
76772
88236
59678
46283
20105
61261
70485
84982
22829
68383
17533
37772
41460
5543
26634
48454
81062
10462
80967
98284
49784
37588
46777
42605
78231
38838
50891
29714
92199
45911
29666
88600
24655
23072
99160
90640
40808
48098
67139
74444
28783
83456
18918
72710
77588
19815
61132
95328
23985
9618
170
3876
304
59743
65330
59292
56420
19141
60663
36658
60781
79879
44041
78902
7796
8162
87143
4663
71853
35664
65863
94650
51844
70900
67076
55540
44333
35395
74725
774
68354
90051
15904
93591
40312
93359
5878
69205
63581
25036
29923
90234
54130
16160
39427
92346
70860
50018
19849
45516
57344
36680
8955
90382
30255
18666
5159
8898
69015
35133
7851
53820
71069
57615
74288
92485
37649
11661
60889
16978
46050
15562
40745
34936
46121
99929
53659
83110
91108
19973
50248
99236
75898
36170
37414
46873
9388
18328
18930
12539
91909
23135
51921
84850
3506
5887
7725
81287
34369
53394
33884
9817
4803
66900
62977
39807
28903
81456
3524
9469
73415
81236
78388
15588
51288
59144
46899
15299
68018
73377
58345
19446
8137
73691
36525
72345
9044
5722
87740
93765
19874
53000
57896
5490
84228
43176
38327
77047
17296
27532
34467
3040
70290
40944
66727
67933
88085
63270
68683
63265
69587
32522
84134
96942
34566
5200
41639
74615
85576
19799
2808
39091
29067
95791
38931
25310
85893
92259
89442
25633
78185
57896
95297
63015
26893
27208
80467
38092
32307
56549
75615
50293
38479
47995
39383
92808
1698
79096
34832
86543
93037
42175
61189
49197
65491
98129
24416
92129
7313
66568
53994
99927
84914
6659
37895
75402
51060
91168
52882
26204
57061
39994
13070
28312
61286
58849
46118
26392
70567
23773
33474
21322
85917
62834
18757
51149
49478
12596
96667
93326
5723
68866
43757
3292
96681
8728
41923
57263
8318
34040
75654
85596
73188
75305
54913
67144
13078
99258
26884
4726
74634
83512
91943
17192
70784
57240
31833
64500
91289
58176
91336
68791
86846
23063
28695
6705
62932
11238
64525
25950
41906
59172
14203
82643
64905
77541
84452
4995
8672
31821
51330
63634
86680
92404
13832
69179
88803
885
35019
23660
89260
75426
40877
23916
18663
70019
46037
52369
52758
9972
15044
93347
17793
49090
48020
81630
50455
32801
397
23943
78906
5858
7790
33851
10701
73281
89153
85833
23254
8842
44028
25256
52950
6654
42994
67584
70183
88343
34366
82327
9285
10789
54716
85106
94701
67551
35997
54617
67748
40896
47815
50422
71901
40715
99865
32135
98805
61637
56550
70967
32054
315
83516
499
51280
1094
54105
75155
75210
40193
92695
92078
29073
16049
21391
84885
19122
86592
6763
16304
85003
83028
74088
80715
79337
34063
68003
77374
93102
54555
90501
30395
5275
88189
39915
12540
85683
45083
7798
76458
21116
42079
64555
9184
66508
36041
79228
3587
45336
38585
74011
83889
36399
14462
9871
31442
87720
95200
36084
31711
92602
84634
13525
3668
47663
93582
39265
78843
88241
17234
58284
68775
62607
60660
47072
96889
63196
25405
93410
73600
80436
93282
76835
61937
82714
82205
75049
15046
54652
3350
83001
66644
45107
18913
33394
20818
86158
85395
50045
18540
44840
68618
48859
54832
60497
33549
25050
82731
2361
44562
29847
68030
54342
59871
45058
52240
96973
67681
9690
40283
10097
90964
39243
54152
64108
82799
5334
84090
2416
44863
11006
24798
43306
27929
5356
5786
45473
15113
30056
12153
88235
46135
79886
44947
14822
14021
89567
88682
75090
54405
30009
37707
82659
52023
8474
82798
70680
8992
19237
74683
90323
55107
84003
62182
46551
31673
54607
49213
6867
47270
24499
27119
50456
86381
10013
16615
47513
49941
17642
97099
71514
20661
9320
10165
50841
75335
14117
98848
60373
11408
11864
84489
38522
15682
31825
89018
90722
79331
67898
82098
6425
55295
10713
69725
73462
61609
36566
43738
20939
57423
73292
80149
59872
57177
83992
8277
19324
2840
70938
72384
95108
84109
4056
72831
37925
82130
21032
4758
8340
13546
29424
8824
17078
68617
65038
10815
50882
69614
25438
54692
56533
23895
2583
27167
18618
9800
84412
30933
20230
12907
81625
88412
20074
25227
62935
48200
14237
30530
49782
22338
76448
25290
29750
4155
86707
66622
96906
3591
64935
96096
16788
89767
23653
61476
43972
49033
41670
47173
90937
50772
39394
28638
58369
62985
5619
85889
89119
74994
85475
47050
663
65549
89755
84045
84264
1231
26918
49452
32917
62228
90825
26091
74742
70404
59604
59019
43640
38037
74061
53411
14851
64678
67634
51167
69452
84306
14148
44142
28923
5256
44487
42496
18531
91393
58778
92977
76637
4552
26809
33808
25925
65490
26129
80392
62104
93434
14655
59170
95822
52736
72582
45774
4325
69265
77019
17961
10823
78848
92013
3884
11568
35414
66470
91863
13333
37452
32991
69111
27278
27965
91739
73748
89121
85337
45200
76977
40065
50315
22064
60413
8139
27825
91424
17347
75372
61365
22141
86120
2682
2465
86413
18783
11389
88017
41493
98887
87949
94246
48965
48508
86795
57660
7097
6490
55111
40543
78555
17438
92906
71371
93089
44123
91934
8994
92826
4713
67806
63517
66381
40680
11062
56505
87283
41206
35039
18474
32014
85595
91015
2601
3516
16443
54444
40149
27076
23211
60000
75310
17273
98401
77704
95031
37017
26616
77597
12794
82716
80629
26194
74456
33183
27911
94412
28924
94194
96146
33700
46792
55400
6856
94761
76010
51848
62574
21596
95258
88437
64852
52476
62877
42387
47955
99047
62066
6177
36202
54905
11500
71359
71701
5820
44598
82319
13620
75179
60399
8243
80145
40287
14316
91446
89932
97841
47997
30697
61126
40186
54119
49280
42911
27890
34136
79283
87077
8730
34829
65959
15231
38346
42975
58999
1064
3638
76533
11160
66452
36388
35442
48949
85222
31657
65466
14896
99026
53164
44478
6476
76060
16174
22152
52816
85253
87338
31247
77089
16059
30472
41490
89841
47150
57459
45531
46505
56051
14227
50510
80949
66188
43225
98510
96150
47798
15814
54474
52962
24839
20727
81128
48421
91253
28001
67056
16136
6902
21741
86246
13073
25933
9616
45279
79399
8549
72158
17796
71016
80877
10755
74927
68065
37048
89621
95125
56892
22622
44118
77124
67843
99114
45449
85742
26734
65673
70047
31799
43975
5849
20934
24664
22036
34895
87839
38721
9333
46214
13073
3573
66581
94305
50928
61818
40296
5992
69831
37980
57331
81694
48492
27492
64244
34191
60000
45598
35726
13552
21086
72605
67491
83848
7739
94136
50710
49734
2861
62872
97485
79176
46872
1706
49812
32332
7952
27342
58107
86019
75017
98056
59621
38197
3626
79679
21897
87557
12633
79823
41966
9566
37746
21939
8026
92219
97055
18019
37145
52255
13146
51565
99857
25764
66603
944
30519
15857
26489
17272
913
84471
14833
20735
3810
95416
14188
94553
53080
51395
20019
36751
57420
19008
72962
76502
65880
2649
79934
73998
15112
10706
47616
641
30632
55655
7018
39801
47362
43361
3615
57479
18342
36330
64002
66914
74738
20669
27029
51490
85136
67138
45077
16293
37602
52965
19437
10213
34080
2990
32666
97708
43492
16205
80354
62190
7193
66924
84908
91421
28492
8580
94773
29429
6510
62520
33902
79115
93927
44229
68390
5104
67994
65016
99805
17294
4710
48493
78096
12200
37149
18066
50861
11340
60673
44163
30310
63789
20144
88095
64439
73444
77195
43182
44734
70660
9289
53209
69145
72603
36479
83252
6109
66995
6685
28610
73114
9902
95781
73792
51546
49790
94874
55464
8532
77259
63944
40712
86013
52742
28326
5192
47475
82864
82540
84446
43555
282
44577
76110
69162
51496
72968
90703
36830
12478
18867
84400
83661
32925
35826
58385
62531
56492
11080
76345
42172
76613
13889
34131
55272
65314
78839
13791
88921
55897
55019
67933
7531
69456
55565
9779
34782
49877
36337
29280
98207
12331
17339
16319
57677
16201
35979
48290
97388
44993
87394
91239
59842
12952
63781
71269
39888
20974
52064
96068
37045
52842
87195
45161
85156
36886
87009
1918
39819
97913
13789
70340
6113
89523
17564
5302
31802
27956
16644
86198
74506
45139
62019
80845
75251
40835
13980
78974
35357
41632
31677
22853
98816
67942
39346
26287
88079
69309
86501
52677
27647
12962
63687
17828
16846
960
70188
93834
80917
47169
55632
16649
37785
66926
73500
41835
66837
19449
91322
50516
55582
95873
99673
80678
30234
64255
50106
47778
47062
66979
30733
22952
32786
15690
57441
57198
14336
44222
18559
75508
70975
60937
61314
16205
75087
88490
49497
57656
61850
91218
53517
57016
82575
68203
56382
23831
51665
33507
72115
65087
92935
14159
76774
67685
27487
71184
46411
29342
22355
89297
81246
9567
36834
86835
70759
48629
61699
69093
20550
94324
45432
85417
18546
83868
41165
53280
65491
51401
88166
80964
32661
70331
62554
54607
38331
94171
93308
55062
53793
29515
41719
35324
59559
60462
85088
20284
72883
45061
28785
87112
58856
21232
94704
46789
19049
92170
98708
75158
24065
9336
34826
35290
19322
34964
29758
92068
87026
45350
17699
44591
91522
31259
12499
92329
70071
62400
21900
6908
56592
9190
56849
3028
42029
56948
37842
89153
81725
5142
89792
31520
57563
17489
47089
83412
90616
77455
61327
15755
78663
8115
15584
34799
2160
35334
1226
87964
2132
8892
5833
39903
83923
47433
94186
47413
41877
40013
38163
74021
31723
19561
65943
62921
39857
21671
56096
30384
11641
55964
97937
50845
4496
46610
75944
79584
25793
43637
13099
99245
393
67310
25683
82397
88196
24110
343
33920
38168
24747
3207
14209
22040
42178
70335
47023
38257
70698
9007
84250
14720
86016
60119
33963
67499
60530
33396
57833
91926
58132
29192
9291
72326
18432
3311
14814
97151
41619
14575
97267
57401
2047
18815
2452
87914
51150
37492
17834
83526
18449
34341
65905
85048
83175
79216
13673
83637
68422
64779
64533
36377
4775
68660
89060
20738
20995
21474
7238
81098
45615
49300
56234
36575
45187
8217
65017
26215
82464
18003
9950
64898
50910
32301
43962
71335
30728
53338
75961
8136
15988
10732
26884
43170
82439
75947
4091
1299
1247
76658
16775
26058
55179
8559
1640
11957
80620
16109
40314
99846
41362
28220
27787
50104
38226
90113
94613
21450
72349
28320
94730
86748
9383
22279
45411
11433
36841
32993
46239
5054
67497
56909
9919
31909
18002
31472
9340
32855
83778
17737
82514
67132
38766
24972
39822
30385
11755
22354
86492
43068
29786
3681
7284
32027
73518
32411
60081
47289
59468
96441
90415
65945
49663
44668
9911
35531
90555
60695
78211
385
99876
52982
90156
36220
52707
5267
97834
90515
66117
36284
90540
89309
45528
63577
14818
24594
35359
52664
41412
80753
11498
59844
76323
93332
63828
44599
69106
58950
43267
35876
93137
31240
89707
85434
59768
44466
14748
31004
81138
3820
86244
22180
14865
69389
50487
32763
7905
39408
32228
94708
6590
7626
72735
40871
15199
29513
1786
36423
66335
82483
90699
12113
13003
46462
448
86483
64471
62838
21410
78676
65826
52196
99430
68665
64612
84262
56670
57545
16985
97034
45105
16922
60580
56388
15526
93516
21551
32239
45596
52749
29267
42879
46723
3411
83677
85209
61457
44397
57601
25303
70598
14078
19006
71133
52385
3043
26817
87262
74857
11742
87855
39917
56928
95981
62240
80095
3691
45303
69894
82238
7130
81909
81774
56471
4696
51140
76004
43527
5076
98401
1317
83227
23030
92015
18035
19727
13283
56631
80277
69753
57274
27637
82153
33645
35894
23435
15433
73270
16448
59494
76490
15733
92627
95788
16295
67312
42634
17491
48790
38116
12433
97766
20216
84767
88656
81009
94765
75706
98815
55088
30414
71768
65272
51942
2852
93225
43760
27293
85143
13801
97339
22297
6088
81963
92242
2652
91197
20327
53391
3930
36794
95105
84239
85885
79946
79265
38090
13005
4774
55449
26237
33750
69130
17656
62001
26747
44741
34347
69143
18603
38587
29835
28156
55072
3658
25698
94594
24989
53138
59452
99833
94662
63711
63815
36592
9358
90820
46646
39033
58078
21610
59000
90422
77961
59682
76726
30088
95482
69920
49658
85820
63037
11327
91671
27866
51537
51132
94765
26324
2334
84434
50781
95013
25081
80167
55533
21774
52072
36429
51807
17699
24143
56026
40095
65912
88405
46534
48895
14307
33872
8287
10028
36033
77470
98384
28656
76536
39977
49145
72561
16639
19102
75418
30710
7350
75234
26701
7282
74059
94287
27253
24017
45242
81656
219
1176
33968
71438
90230
75325
89263
5895
83023
90821
38783
51564
70352
71077
64263
70449
23766
35578
86865
57422
21807
79084
90800
88269
21759
70586
80505
96713
79278
61307
49180
13328
97069
13413
34620
54420
27249
74076
52061
44739
61082
23167
23137
94350
14512
17060
65092
26992
58244
35920
64999
74968
47062
17336
40037
13901
74678
25245
76761
9594
17606
59869
49822
88827
34376
61723
43719
26046
54876
744
39984
58758
28680
70228
86526
5808
942
24459
35952
64831
49741
8822
25258
7793
49752
31636
70623
76864
23674
18099
67866
6794
5072
68447
21692
64486
64100
14790
74986
1683
41057
34109
73170
62430
91784
28466
78047
73450
73635
27756
40571
72585
91074
5171
52631
98155
75920
21035
24191
70370
98835
26804
74047
44871
95853
67731
79958
8013
46597
20083
7065
13693
59270
86778
22288
32314
1598
53919
6760
93905
66607
79953
98411
59476
77449
49024
32429
47358
16444
70609
98614
74564
10105
48596
1526
47166
14085
74757
91856
48193
19860
23879
35573
26774
48383
40831
1211
88007
5052
13465
74995
19495
45015
19463
58588
67532
38202
20130
64837
93575
29399
49602
3183
99983
60272
14061
38314
12881
57473
72294
13113
49601
93754
16276
50149
78288
97521
8464
84693
98100
20292
61093
36647
29825
71267
62012
98801
8797
93540
61446
4462
14687
87423
34573
38786
56012
82961
25909
75017
51165
25906
63245
49380
12303
69258
1222
36508
43590
55926
17634
51047
11137
37165
39174
80480
28356
96138
17528
49254
27539
36274
11660
24889
56112
50079
57539
3079
44341
5616
22739
50632
40192
75073
50038
42648
96568
82701
91523
3489
26368
67822
22705
49818
11569
42712
4728
38429
63994
74881
32037
41585
87454
38558
62708
8224
83636
61218
79121
20665
77425
37492
67811
23353
11244
95069
39020
82684
72572
75000
28875
35108
73966
32278
40090
94459
715
71652
80696
18895
77670
8339
54558
82794
83874
83632
42294
59654
61248
71344
86685
98267
21935
82646
62813
66368
57794
14017
69855
43450
95105
85899
28874
67605
17725
88071
8897
80009
2716
81870
32208
65052
73920
9065
28997
54161
80975
22555
21412
46989
53969
84974
17493
4908
67221
77916
86634
88661
69588
26674
69915
44528
3280
73208
51037
91501
38305
23552
76574
25767
95493
54910
67852
38146
17470
92428
11041
35180
73984
55947
46861
65219
55686
33004
6839
77081
18764
55921
59131
80814
91727
48049
33677
37552
45240
57041
93828
78642
56027
11504
9551
42967
66704
21459
65947
25793
54816
92727
10055
52480
76384
40724
98770
26062
41985
70072
61202
48931
16638
33040
29898
85805
8749
92014
27115
17630
27863
89051
14669
34256
46198
69010
28889
27457
94702
11837
25807
75283
60807
4310
55973
53752
32126
21839
73113
72516
47978
96921
56385
7427
78963
22405
92039
94810
53708
74918
17098
59767
91468
46675
74966
73998
79447
42312
70919
77370
54489
31485
44016
51881
10226
47682
91194
6675
52828
89019
89230
18408
71142
7762
60660
72537
70365
71888
20934
68005
42263
44200
25781
80297
9529
52366
10123
26005
87055
16680
72893
35804
48677
61453
15692
22124
74375
60619
87480
22842
79989
58503
22347
12946
99145
62636
82915
2407
95431
27089
38011
80367
31753
32003
10002
23304
13372
17833
24568
57946
51286
51270
83622
58497
63442
83888
60764
62127
42653
14283
87843
6685
72194
79782
61095
30272
62682
84780
45799
23535
17164
19325
99511
92471
5282
33785
65675
72049
41890
13282
11765
29070
20724
38990
99124
6501
49482
32524
75233
90878
69139
54334
73447
29401
17321
67336
90030
84008
13306
82989
83861
85945
448
78617
10266
46296
80802
11937
57185
85397
16247
61652
99242
67260
50597
91361
23268
63858
27977
68167
7447
28543
44177
67044
55498
27879
69746
57370
97153
66809
26258
98979
66701
43368
80495
71681
62458
86022
45193
24391
71783
59242
39585
57852
18603
71083
68119
48385
53421
80278
21539
79188
59371
79768
90955
70410
92140
28624
12552
89558
6427
14916
28303
79749
47111
58412
56310
64912
99399
3831
13346
78235
98981
12931
21730
13001
551
36841
62812
13402
91087
38812
10177
7007
12853
41975
87088
30267
30351
96684
44737
13776
35300
97705
50557
74949
34219
32741
9142
12378
4293
10711
12246
8330
34945
694
28903
23669
94907
10619
1846
12959
77555
48532
12247
96582
80894
38664
11200
1401
72834
9574
93419
21843
77223
32234
6324
59237
91639
62250
45945
68802
14007
32254
90052
80917
11889
48065
58422
66107
15632
65341
70366
81668
54545
62199
90415
71901
83922
77718
14505
93663
69914
56205
51045
4257
9168
22803
93924
79646
60607
17241
67836
27555
57843
29455
50180
22234
52474
13311
38412
15496
10840
2815
36826
72075
49850
18950
82610
36465
51056
34698
17393
63082
36433
60806
37594
31937
24150
25493
24529
27949
8131
47597
63546
83642
21306
44518
10386
72131
49195
73858
52511
90177
57825
80788
43322
89517
87979
11961
57983
98779
46378
61150
31006
27980
93643
31855
87790
62957
88745
37729
74990
38017
136
12963
27883
21691
34874
71653
86845
62678
68784
37712
89579
20892
83077
64996
20921
51991
25807
81134
97863
22841
20203
17898
3824
10081
36101
35997
63305
74288
25610
12820
65674
8185
99607
37914
5187
28941
87766
52878
3238
21783
81599
79892
18401
45025
7300
6212
29997
75015
13215
30766
1714
3629
85348
33352
93247
628
23563
96977
89966
18533
21004
99517
63294
48619
89731
92137
57787
33230
66713
98818
24829
1802
16018
3850
87398
25834
15434
42301
25558
81489
78734
72228
18093
67589
18401
86805
62175
51496
97882
19563
19964
5669
57303
6561
8740
53673
22046
95606
59458
65986
19728
34508
17550
33156
37838
27900
49334
96697
51676
25268
47584
36562
40195
91638
608
98125
85991
16736
593
91304
24896
38472
19060
9781
70526
92234
69911
99254
89585
48754
13877
50209
44874
70195
32082
2941
54665
96643
11017
30343
39493
73309
36355
7493
40367
42539
88871
86085
96057
54105
72148
66527
61328
92293
78790
804
32848
78909
19551
65189
25016
87652
98082
13468
4034
97134
12938
58541
45314
17391
8016
33096
26651
47863
72782
48515
7605
63575
14458
5251
74120
80665
85738
7614
46680
22418
53678
1259
60125
92602
38075
82584
23791
64186
30927
25881
61682
8393
32543
36246
14195
21596
4358
64110
55225
55662
43745
10700
41494
21165
31868
12826
64549
12250
92087
20097
20123
96964
23436
67993
44411
27524
41405
6190
92290
51227
66543
63108
48649
44652
50319
14859
70716
51272
17244
79607
56626
75781
32417
76817
23495
77181
74475
74924
56832
7084
5334
704
62399
59702
80175
98914
11477
35628
33802
11764
20964
72815
12788
94338
50899
65004
96763
94312
33674
70424
66746
2118
71616
11689
33603
21201
52585
81620
35489
17057
36845
99081
49607
78476
62709
3977
40611
64734
3330
41164
85697
18433
82480
59327
74712
95278
23290
42757
82533
99283
60648
1473
50526
14720
95329
68304
94067
94615
5907
90285
73911
99623
63124
56142
30614
80877
10609
71640
83273
65704
85736
80225
36522
36060
54867
27658
23008
86141
28350
86233
32529
7801
2396
86682
43532
80273
47290
54036
77869
34111
24412
7457
45491
18395
68132
63460
32216
24910
12908
76972
10709
13353
80738
65304
22544
37602
69658
86395
87471
94631
45
84568
44973
4869
82250
74578
22713
85659
66438
7844
56691
97893
23501
53572
58685
30011
84529
31818
38017
33226
35557
55607
36692
37226
24171
74839
29695
56480
85036
65991
75458
43938
32546
78518
75493
61068
508
31384
16719
11021
31140
51285
25173
25186
28675
57896
55612
2456
96441
30889
77940
75243
70550
38460
98430
16625
48189
67767
71408
8935
83978
73944
15338
65721
94003
56252
46204
36177
63828
77442
80616
24002
4213
65563
41247
21092
36176
76202
18010
90560
15732
47542
99812
33254
27812
50655
93770
37341
88779
23074
91444
41396
97403
74972
24958
38098
65309
74159
79792
7784
39629
48635
95586
98980
2945
93583
91463
66458
98631
33446
98194
36476
83269
69137
65949
93544
52098
35445
43408
73401
18284
4345
91726
2844
52309
96187
5091
48633
3876
2647
58594
24899
35475
82820
93638
61311
94113
66999
81325
52736
35699
91440
75014
95177
95199
91828
74728
62500
64886
3144
78093
93797
2920
49315
85174
42170
44925
57271
57901
82327
32399
96942
8678
86565
3480
31249
7314
56561
14001
58265
50624
41850
69714
41531
34809
84939
54209
53864
7182
7729
31272
5048
50835
94232
85295
84422
73530
30545
38851
25654
30395
34604
52627
92892
8933
45478
69696
94995
44396
44753
13424
57690
13767
51057
86329
22276
77368
62831
45803
93890
98572
24165
51862
32365
74115
53854
91934
64356
50199
8777
88205
96689
82881
49300
84136
27763
25140
36594
88510
86378
87612
19596
27743
75481
25110
62809
20162
62116
46884
25202
39569
34248
34973
25189
79672
40136
82086
16996
65791
36607
28074
59680
85767
98825
82425
81651
28093
86046
69063
30743
22036
15394
19344
52729
71887
68802
69292
59620
65440
47055
87911
33173
15447
89276
74858
58736
62016
96164
17785
99912
23773
31022
92371
5432
36121
23788
21311
86281
56029
70254
82527
13245
44516
1137
71337
62958
60372
93818
76564
83926
11642
13332
26325
63119
15001
98609
95674
48414
7407
54941
45341
22518
39259
74351
78459
29944
53803
81751
60494
30192
23608
96720
46501
87522
71704
8225
99402
10494
52319
82751
63123
22950
4147
65100
75274
82165
17688
85483
65431
59612
77445
56569
87176
65131
49620
29798
74697
26216
86445
81513
98057
30750
9397
16406
15179
3711
15272
8227
83126
16192
21477
45928
96445
18565
29876
17099
66143
48666
42127
40032
39279
90617
3718
50691
86217
50203
88735
61574
50259
68708
62917
35677
62673
18676
78634
60695
75064
12277
62195
66090
50578
5787
51239
98831
85613
2154
27935
62335
4505
37704
72366
27592
81094
88727
29690
45414
93103
49063
44518
24448
7971
10697
66475
90820
32055
26030
71997
12197
29047
42627
79153
51563
28016
79135
54664
14151
96653
54481
25263
64753
51081
91567
9158
21997
10054
91362
77602
81233
78387
13653
41427
78294
62143
6646
32902
82674
76421
99205
19378
550
5493
6724
41920
75620
14595
4451
19495
98836
92864
90547
97276
76914
27694
95246
46225
63885
72229
92178
40362
29961
69751
33269
47993
27646
41397
59560
73655
16297
26942
36909
78647
23217
92319
27698
89760
51894
82072
37545
78178
96141
153
69456
53508
82669
48232
76917
71527
43997
37157
32183
98440
18653
14207
16296
9335
86246
16503
93358
24010
71255
69208
53159
99425
91290
96080
93460
4825
83093
99515
66064
2884
12685
97361
29278
48260
64841
74599
33433
93538
11476
19427
15848
61765
78532
65304
96950
4680
66598
53211
50228
16203
31791
61677
65266
11853
289
26047
35317
16545
72434
83009
78724
25527
70492
31601
46913
16243
97890
97673
80810
92508
7170
25263
52218
36617
18912
95339
67012
29884
94513
90079
12997
77578
42007
79139
6822
40358
25965
3292
31585
31023
60062
70364
59558
82784
84050
58588
22953
33221
65599
43268
29716
96737
21932
24107
21030
17524
26127
32562
32570
4949
48666
41310
52489
53733
86035
81168
65695
42430
45097
94769
36200
85434
84483
20820
7143
86113
62358
7969
91547
1657
3746
3085
85961
83843
79920
45196
63824
4154
87458
23382
95755
6544
25145
24581
99892
56656
93214
5581
47007
72383
81299
72395
32332
27413
68981
39756
78847
16774
35979
73659
55263
61356
67776
90670
75981
7032
46899
99147
55
43210
40054
19574
61480
25526
26997
13875
44119
37882
68268
86896
61132
70132
75813
97136
11000
19456
33053
28398
60065
45849
9087
29170
44951
25113
25484
22376
97333
46368
63542
24542
68209
95326
44862
90489
69179
49455
78788
17316
54174
86627
46479
99787
36679
74957
83315
28083
74686
68308
28828
58521
58454
79260
36521
67942
4606
39355
74685
23313
94174
85040
3728
59506
91914
26960
85550
60257
49545
70121
66144
79998
26512
52937
73866
27541
58481
64275
92716
56538
65943
79364
2495
72164
23176
27790
25836
68681
1235
69784
85893
58311
57760
10636
57848
38287
71056
27291
92436
69997
6266
16056
309
11816
57403
95834
12355
55519
30584
17410
72959
65096
21015
36059
80729
6327
89131
2101
64351
85682
59714
12024
69993
87874
51926
41407
41100
12847
97887
50109
91409
65024
22767
10056
7692
40302
40298
56456
69962
89607
64234
4361
43823
11726
48445
4264
82119
42689
46203
32755
71203
64171
22657
27266
70923
49136
63576
77543
26793
99433
98145
80714
77861
7052
93945
51703
44419
88455
88189
56205
55963
99678
90868
99572
71723
38852
32690
61681
53588
82307
33488
15233
74395
80628
35277
2911
83344
61821
78176
77436
4648
50167
97162
27808
15606
11408
82911
24882
35884
77572
80973
19893
61074
88045
100
20703
90511
7438
62738
52237
31824
45324
58544
79954
12849
8125
55247
38214
95318
59198
80236
58954
64097
49625
10981
40392
60812
9233
2723
30301
41300
55083
37818
23881
62623
82923
2710
92398
47276
56067
85714
65477
29705
95681
41617
87295
63456
6656
87567
54930
55985
44040
78801
25709
2586
36418
62466
49657
10922
34690
23130
43012
43246
47378
14523
69228
54729
56881
18631
35053
73143
85026
85500
40962
47722
90818
84890
47611
93125
38468
44427
32959
68236
69578
57940
18326
58874
49777
22417
35881
78582
37174
2307
94927
62226
37645
25881
79834
3476
70302
89939
78590
79081
65385
86343
97662
10407
56385
66715
66253
35838
8395
30067
70988
6391
45460
52235
90714
71334
1134
75685
20322
90567
18517
43592
82341
96211
68697
93046
25586
27089
39839
18841
1222
76693
73080
81474
88349
27760
85947
60853
13590
94695
29190
50643
72137
58875
68708
47264
11335
61253
70700
12281
82116
11707
95194
77228
98451
85196
70808
15894
70500
1109
31872
30664
93226
24026
47996
86715
78993
81671
65694
80712
20025
68970
11855
49090
54604
95890
79675
5098
89472
41137
29054
43494
165
93810
85534
67099
90873
745
14542
70384
45867
88572
80966
61840
45710
96367
78050
19097
53155
37349
24142
48587
96019
6160
80974
64985
87311
62098
43002
14779
26499
48007
83719
42999
20040
49591
21921
42469
44166
60548
88587
30926
48397
95180
33326
72897
64383
82047
8269
472
41385
79747
6846
89896
77107
79035
15046
19410
50545
94289
53574
67819
92155
1699
50750
12977
45868
51598
88007
54719
87346
67969
2586
17739
63366
49482
15257
86449
8327
3237
74876
86124
75614
74986
76106
52417
93918
87688
11815
24815
21602
64060
67478
58680
25806
88172
51307
75221
57230
56133
80914
59088
26411
76596
14968
69221
12757
8045
26618
50180
53763
61754
64371
18387
68547
56785
35670
50533
67197
86588
78607
19883
85438
45494
57961
10265
62719
67801
33248
87256
51056
52186
98445
21408
1857
79791
85784
39305
28404
85633
59282
24835
82822
9858
97610
5252
18060
37881
80447
34461
27820
36632
47653
29390
70307
7830
96384
24407
85333
8681
17703
83446
8518
35350
51289
49843
71197
25244
54534
19828
50143
10382
40590
97208
97315
46054
38893
23987
36596
46461
71208
84499
61820
82190
16431
49073
8407
33143
58183
57358
99524
44928
70659
41113
86925
6759
230
51632
16485
54522
43003
87891
48947
3973
1809
18128
57503
35894
30040
49745
5556
87581
34298
30257
80399
53162
12990
55488
21526
59017
53823
20274
35879
59979
99541
71647
36619
97002
18348
14819
76830
67619
83090
78221
75080
86812
71592
65452
45865
57776
49478
9180
54692
29599
86340
94900
14955
92025
86288
40878
31688
46223
84755
4708
75962
94894
74796
36619
42866
15057
78236
14998
5919
12508
69643
80542
31235
8205
94429
32049
55868
73746
96319
59059
66510
15595
83944
64385
37094
5885
21521
73033
96791
71395
24376
33092
3585
81656
76473
88895
92754
22216
64199
47048
54536
99691
38288
61927
70680
1532
74112
38790
5736
25299
99445
89878
5656
99799
98412
81700
3656
43529
80454
80154
71261
44703
23982
34233
81078
1470
65806
38753
67087
31004
9462
81874
78082
41752
68264
14171
20405
64422
42182
72536
77223
54178
51586
54471
73313
9018
15446
66099
26732
97473
66755
60718
91687
52530
43730
43795
50559
68068
81796
44987
57278
29114
58381
48142
69090
17902
10253
26149
29263
63932
51397
49127
79377
48175
68409
21626
86596
29059
59858
57344
68682
31014
16329
18340
87472
25151
8590
29789
60200
36004
62792
31032
7243
28327
53648
39018
14754
63539
39211
81180
41118
66721
94181
1369
37314
11936
72593
54698
82950
16158
45269
84942
62157
30284
12643
21635
16475
29403
89303
43062
15502
33962
93075
26067
80301
38438
48495
43910
79437
84788
32204
79392
92985
94226
46084
92022
5985
62754
2914
15221
49537
33404
48826
62382
55118
81295
27068
89083
25658
86365
8343
92787
55560
23049
74438
31135
51059
66184
43907
5200
12200
98061
71236
85084
38180
2837
34238
51791
8947
51377
48328
91523
77636
12162
10902
6378
80853
71993
84202
98893
36725
14033
70866
46948
54334
80103
22769
10253
22316
39170
50822
99987
79316
94604
71084
99089
94461
89073
30816
42312
2131
7807
7052
52341
42038
38506
59804
81100
53000
19310
52206
23864
56773
94994
20675
57828
46920
5988
89633
6526
66952
54791
77345
46825
21793
30045
32128
56138
17173
19760
71488
44140
62615
12097
70645
25427
5437
64637
61485
67417
85567
21212
58137
91250
13931
69106
21171
12501
80818
58897
8856
83262
94824
54162
40951
37460
37890
38951
18184
47224
97393
87205
98876
69739
2388
90155
33091
1169
47826
45314
94244
57136
37945
33751
28278
67622
18011
51168
61312
8318
92201
12656
68101
90082
44661
21042
5691
93567
90640
74373
59335
66964
85075
89369
31014
1467
7124
34548
24882
61202
20892
99278
48438
72236
84937
73116
53472
68733
46146
73599
86572
53394
7185
40018
5457
54036
957
5760
44404
48490
40368
72401
79765
85960
37193
35048
54805
54571
99950
50293
72098
32020
27412
95676
51187
9112
11769
42685
79450
94379
53436
54115
54896
92101
68100
20970
31017
95715
35868
74140
25919
53982
2208
41710
50588
48169
90886
74046
44475
65166
30215
25670
80492
63589
25643
65491
16080
7807
34116
85072
22169
88265
8596
88402
17657
55548
84758
76030
73462
70365
76104
81427
27263
11939
28627
78118
67685
93259
61606
52352
5032
3231
87262
28013
44567
32961
58722
37963
17887
46257
43117
59181
8140
22866
54599
67795
25612
37079
10722
24550
51642
33999
94826
71216
70871
31142
16944
4129
54529
3978
66256
92313
40725
10595
39192
24515
81664
72891
9057
2020
92258
59522
75397
42256
39759
9291
94317
21949
59864
92755
44578
68016
71156
34512
28537
99372
86789
8994
41845
33489
90024
78512
71340
97813
48496
63922
96642
28028
91040
25443
77722
92698
60438
84030
8086
56932
85643
32146
1170
86519
87813
66842
56203
98347
45940
27794
18980
82959
99886
38257
12907
60735
61333
27854
66105
84447
36443
62705
1546
67867
37950
20608
88853
2572
78968
26814
78838
23286
95959
9399
54769
95835
44115
42303
38031
31199
44842
18840
80033
74169
42055
38793
57116
75744
41711
98162
60687
34698
67273
42249
40909
85604
62734
79917
19040
18178
14398
59749
30850
35886
42758
77241
1561
576
36642
16285
81332
64263
63209
27871
89599
59239
89424
14299
26388
3290
93337
18126
9253
78110
26758
11662
85577
55874
14891
45055
51724
81440
42987
38790
82885
65844
85305
99951
40470
10448
77435
605
77470
60569
19467
81437
6504
82387
24564
34049
30084
67585
95145
71328
58149
96470
17198
16845
54005
32174
12168
31469
56591
76098
75415
48212
24287
87864
60414
4756
33548
61857
38662
47241
44181
56783
76702
28538
12392
94730
23690
39629
92537
81839
95658
93610
19041
53975
75871
28474
1026
17667
24638
6990
93965
39130
6489
69847
35003
32298
97774
41701
41614
10590
33578
98819
76839
96510
89245
81736
78617
28214
68877
76676
35563
62806
90821
95431
67063
52415
18494
54997
31622
60975
83784
95438
44204
97180
89850
77324
30601
62190
60290
68505
84901
49483
22477
64103
24726
88594
74252
83266
58140
94538
85258
51619
85988
70336
26828
9238
63959
11346
7680
80614
39693
76989
16581
5240
62096
27983
37678
55304
32292
75332
9407
60429
28700
51104
43653
18478
92303
90420
8287
96149
2421
9081
3239
13413
8163
71924
27958
61821
6227
73265
46394
28272
71826
92664
4576
83043
56249
46794
45403
43721
61947
31312
95446
45135
94004
35425
69357
29447
65476
16214
48901
20309
3318
39826
45699
60280
61484
32265
49408
71682
98268
33787
96410
47647
16065
17819
67973
92324
93490
17806
41408
7022
62120
3568
72936
62555
93155
62499
86750
7110
62868
70341
81220
33683
59974
81287
40202
71449
82915
27799
55121
71397
50525
96822
21768
28138
15682
40945
74711
17008
28256
90585
61739
28399
41061
56433
40944
49749
90486
50134
3865
79659
12091
5613
89521
58335
70721
53436
56203
63888
94501
86268
20622
54978
2629
54748
57231
36853
7942
49996
74553
90077
56992
61490
49810
29033
42744
47191
8408
50773
87963
16572
80562
93865
51010
6581
53817
51570
49965
25625
67253
74049
35895
51262
60846
50237
71548
93588
1745
81595
87879
78197
58158
47188
97544
60099
81111
12330
41879
53128
84473
51537
35838
48162
84484
40563
54016
97843
71439
22047
70088
65517
38207
64603
21872
71771
82977
16150
24725
23185
36889
98854
97059
74843
41173
5279
93552
60638
12916
33162
63936
23577
93814
39673
68284
92037
72014
5143
83296
77339
3618
70891
28339
13006
37433
56179
24852
16738
64269
65221
78226
32382
70341
66793
37356
1098
73310
66192
43847
18405
58988
92099
30164
56976
16977
89395
64046
73791
94234
43038
65100
74658
47065
57809
38728
79148
74017
84102
82417
14606
54890
10840
19884
69191
4328
43237
9715
50797
72425
45277
56843
31194
89287
54654
27608
2914
55706
71365
32082
40149
27883
80213
91012
34332
30557
92201
48924
70084
59970
80130
29832
17872
5744
39655
57446
45974
29085
28663
77926
96247
83609
25011
29935
25722
54676
95517
4133
89182
23277
87553
22211
26653
31307
38651
44220
24143
36515
49274
82145
35966
97435
79196
57563
92637
21312
8926
91712
69616
41314
54182
57393
59028
63260
33609
53891
69059
36631
67797
88438
73827
59830
31104
60752
50327
25427
86844
50786
68419
47589
11155
4056
44883
90896
51142
93799
33156
37475
68897
14683
96702
87639
94538
28901
5792
88174
48638
42244
5045
21946
97256
35079
22201
72698
71198
11175
27360
99685
15279
55913
6338
18237
33004
14661
81786
84383
57461
11970
1388
24353
10153
32707
13694
33063
6084
77390
69066
89619
25632
85694
15724
2438
1550
94490
9009
1746
62916
59741
15779
43010
36927
25216
75225
71310
34129
65201
72418
23679
33033
63265
91550
14136
35984
14620
42103
54427
89780
55718
93053
12423
51700
31496
7766
99658
34467
7999
45365
9694
82102
26148
83126
99767
12731
70993
18859
19632
14098
44
32232
43528
92862
34156
19663
53910
59753
64893
68669
58864
79177
73439
4430
99054
24146
87856
23893
14596
55165
27848
30838
97456
85224
99176
99132
50723
2098
3491
20767
12586
93850
23584
40324
79842
63819
28914
38109
83498
27253
21776
534
27260
53406
10563
8151
98700
54077
53327
79304
2387
22409
62215
30507
44469
94244
97331
53393
18996
38379
7181
62530
7688
81815
92131
38355
6909
41375
77127
75175
38286
64074
80442
45419
82705
75165
56334
8246
1355
95018
71202
23105
72020
13813
45232
77007
74026
6471
54488
98049
1015
29367
42020
7080
67176
65019
30811
54479
99595
71344
66224
99609
77055
47968
41131
16799
83958
53710
72995
53626
96898
96528
8911
24728
11045
70073
32004
97586
43608
29436
30539
15455
22479
82778
69728
7003
79593
25204
75454
52267
20558
56616
98991
10167
34819
6205
82297
64081
43896
32840
84558
8879
59175
82808
62412
85362
35278
64209
18629
66149
60215
40746
47035
10861
19312
56743
5053
37839
6361
79935
39496
4631
32451
88900
76095
50169
649
37945
58750
27774
72978
3889
90575
50070
55085
56319
85587
74378
63511
95805
87218
80313
20698
72951
47832
30085
43619
35293
92042
56383
53371
48721
5865
92756
35130
5460
3596
47043
20509
61597
24800
19674
47697
43711
4904
85550
78655
26393
44639
90754
17214
10240
75915
63458
77095
23407
84733
2190
94645
28853
5310
83986
67561
44121
43884
30018
27859
70855
25474
76881
25090
87179
82406
28031
4040
77671
19484
1746
10129
62846
97481
49498
45250
42934
73914
91775
26956
89141
28134
7158
74733
99725
76309
14856
58500
87862
51159
10918
96522
83674
81145
53987
82638
13690
54315
47730
55941
67629
93101
33970
47
74593
98137
93081
73574
88582
41482
46320
28681
26711
2672
68570
70278
12576
44601
49357
44968
51949
20477
85000
25826
8279
87979
45430
76789
51465
82210
35463
38746
24935
65158
62215
78325
13259
26132
27855
79944
95395
54974
90060
41849
37070
47863
71277
57684
9932
34123
52312
26540
24782
31701
55781
36506
31537
48825
10592
9398
69543
49853
89911
77660
48410
94443
31959
88341
1795
40888
85483
93628
84335
76859
69931
92552
75432
3750
4078
34324
12660
54458
36303
80166
2265
68661
4678
47539
44566
84523
65721
28376
68026
31231
56912
81212
87340
22902
99962
46015
88090
61118
9365
20111
93356
50734
43882
63724
86133
21550
27397
74497
45461
27106
69971
81757
3924
61052
39928
63345
49465
91432
73481
80516
75448
63700
59641
59708
29461
64406
5071
23891
23581
69222
66061
90801
46641
21344
32929
10478
62493
99292
65956
10382
87352
36752
11318
52761
14014
51327
70522
85996
91060
23941
57504
89330
71135
46126
53787
68689
13948
18522
64019
60219
66873
40680
81719
37737
48841
79606
98206
432
31684
42469
26453
37995
47164
7537
66006
31749
47640
86591
5122
52424
13637
1996
41938
57878
32568
62037
7726
77388
69405
9282
92224
93037
12347
98447
3501
93294
4312
32622
43014
79046
64587
49678
40236
48150
64021
4326
70660
70998
41865
35499
75995
96626
42683
43614
16000
96601
7745
27760
7698
62188
76850
48950
49592
19255
43775
92348
86008
14894
61354
98705
39874
59951
10660
23263
30980
82414
32833
58977
1169
58070
71822
30143
87933
36874
91621
22406
23526
76154
12550
65570
87983
25078
57707
26798
11318
78732
12934
3471
2705
34708
81452
27393
82575
40282
57800
4965
7364
14061
54783
21613
5983
62395
91834
32957
92180
87917
93554
50094
77523
5236
53109
1833
86075
37109
86791
22866
63686
63366
43218
73565
82347
34368
33509
44474
63229
41011
17207
36562
80743
54034
12815
36889
64419
6854
1520
28602
85361
98195
57997
84033
99718
33424
73159
90151
22861
6853
30298
46742
24867
51167
58251
59428
70409
44672
13088
21999
74316
72279
33244
45516
7827
81898
72125
45265
69956
64361
36914
40865
33403
12040
52620
59729
85109
79003
26408
59507
7794
73860
8793
1324
90726
65346
35502
12311
15503
70287
86649
73308
35739
23724
18303
55616
58357
1801
5646
9270
38541
79444
86573
74555
20463
56884
9983
48358
91518
81802
73899
87406
69069
27113
85199
71591
5617
58395
84898
82303
80812
39465
60788
73045
46877
79819
12671
22623
7779
23427
44535
64777
41888
14826
32695
82393
22856
55471
59276
39289
54139
81019
6374
98026
8802
48486
77783
38376
58188
21165
52435
47731
80513
78741
76474
2180
63626
60200
69386
94915
54919
67956
53667
97269
65777
23011
17229
56911
7977
63057
83059
47596
25089
18062
91636
85358
83201
81203
98147
17132
2178
16956
48793
69555
41202
12645
28290
18026
463
85001
64107
99130
64662
99018
32120
43112
93357
42862
32991
47343
58227
29623
98996
46588
37962
64372
46916
61349
7745
23293
14215
21702
2221
40591
2952
70758
88319
88409
8667
49263
57486
65182
29975
50814
35626
78654
38659
15820
13447
21185
39774
1523
19944
87077
66597
25320
97375
74262
36230
29052
87358
46046
38221
53089
4643
2503
40798
40746
57576
25670
77126
15952
72470
17865
17475
90062
92835
48269
42234
57327
53833
59311
5464
32774
77323
61464
18952
71115
93523
62745
92747
80766
71587
37473
39699
13227
33269
37817
88745
64739
31384
91184
54516
74560
97916
6664
79299
42163
5402
34594
97460
14257
39575
84676
72154
11811
51341
10174
19476
77085
41727
8369
66151
21183
34776
70760
83467
43748
10218
40429
2341
78164
272
98525
42250
87975
3104
7016
80215
3247
29196
80636
45107
39195
76303
47407
47253
83628
23690
84147
43641
74651
46987
81046
95004
15530
81242
97728
92621
89754
1704
22089
19886
46056
49321
32799
66543
20526
1141
96517
31920
50926
74526
1642
37592
16950
58517
41901
19604
9394
85697
15078
85718
91058
93531
94886
4111
62716
75451
67288
36520
88583
88841
96485
41043
67447
69586
347
47655
58007
1013
70249
52915
79941
98809
66051
89463
15833
2893
53406
593
33352
12248
27630
90512
31900
59365
86028
26879
93476
97194
68899
43773
83582
63441
88324
30452
4760
94520
3452
94125
52692
84636
81117
53358
62807
24253
1455
52890
63921
6579
29607
90267
74708
60722
76635
10104
88637
55827
15474
52686
93515
21761
1023
40231
62876
48815
67412
46344
38208
61404
40048
22008
93356
8906
5176
44934
35456
80527
25554
18150
50328
30499
77205
68443
44528
94908
9306
85588
71113
92136
96918
99239
51653
25122
64584
11973
23137
45572
7741
94151
45184
97768
28427
99120
293
32751
31968
75716
7881
72442
2111
39119
51474
7650
83499
10824
87633
33934
52440
53807
65080
64942
49579
9942
32967
14096
81427
93294
58351
2425
71565
5124
4661
32823
56944
14268
45340
69181
79849
90026
99782
72621
21912
83761
82356
76407
62971
30112
49492
26197
24626
79094
14711
72876
76036
76254
76942
81530
37770
79695
73592
11986
18486
39943
26580
33879
58725
71494
96890
62340
36326
13305
1210
39180
8725
9610
72817
38822
28863
42119
68119
48281
73455
10009
30127
56105
65055
85058
20607
86476
52665
65868
23789
31569
39534
17333
6249
67777
11376
9312
89919
89553
23385
61967
58213
58399
50250
64264
68814
43922
89764
56883
90965
28889
37723
61079
19911
60879
19427
91019
46686
59365
71454
8689
77496
28993
16252
67672
3735
87313
61685
44945
20998
88382
87826
78270
83476
12405
54082
10873
58690
96015
71189
94780
16812
97766
34640
19533
48630
29082
8794
13953
56741
32183
84224
15203
5661
53379
4773
11612
48261
42664
75336
43564
68318
8672
16593
90176
91971
71837
28668
78623
24442
87988
62164
27637
62673
59626
72037
77044
19352
12785
47483
61185
69313
93648
69268
55611
95397
30954
44907
63686
67599
17810
11610
12527
36708
89606
77107
96214
61599
13534
89261
38231
17989
59607
86802
44846
55677
93075
85574
86463
81170
13795
97342
74913
43074
69383
61539
1264
88749
85848
94222
60922
42465
91967
23096
20616
27652
61753
82598
75345
18834
63200
88876
2425
62446
80819
893
44478
49974
74541
944
43563
61718
48205
95567
4575
24962
27095
46107
87645
46466
85901
87122
16461
85913
26005
80393
42275
34313
74119
82435
21824
49368
63088
74254
51441
78388
60052
13480
49395
68623
27196
21082
93771
24691
35947
7535
4209
23333
6749
76618
2360
36770
13456
18936
98164
47729
73881
21825
26852
61549
46200
77463
5062
33757
64669
66811
83504
35126
77517
33444
48362
70486
94887
38374
63913
52365
15343
4639
54818
6104
75745
18750
98127
49124
61166
54991
32230
43828
19060
28140
92833
70935
45029
60329
54493
8062
46313
68599
90320
26970
43509
41085
62164
42127
41053
71860
18944
53118
82651
67115
11731
23894
9091
18669
30764
33005
52792
64705
31807
10647
35941
22222
47079
50780
87230
80819
69434
49499
55963
93264
57565
74502
81704
84703
34716
14705
72661
29443
43695
93946
56623
11881
76969
58174
94582
96488
22174
61668
89003
80658
50606
84537
76285
93796
29073
11148
66068
36187
53950
87078
78810
21999
90370
50845
37467
2182
49177
5865
89122
95096
49604
57985
68051
45360
96605
94405
62975
64722
48339
20920
18180
82683
61514
6163
80641
49136
80147
3878
3500
86488
76716
37251
29969
84507
63813
32933
11144
67573
69066
86637
56227
41072
6461
27032
74317
41321
83133
20190
43163
71748
52304
22890
32214
6942
60208
49894
14767
85771
37727
67602
27223
94910
55880
64554
72157
64951
98403
77781
16369
62672
4371
73328
5062
65104
99139
89061
98947
43706
62824
48411
42353
70257
82166
44795
87307
80012
93765
78198
31063
92193
54572
97767
72730
93106
68931
67254
58364
32917
60573
23750
63364
73604
2665
44418
55943
52618
9338
70744
96162
94461
48095
65381
51241
10717
54065
92712
49774
77963
14282
21041
54991
72564
43008
41652
10354
71527
87553
87992
99535
99367
88164
16825
67238
12407
65217
82454
67337
63938
22321
94972
40425
86374
34869
3981
74186
59826
40167
90345
66843
10445
57483
80274
96503
96422
44169
18387
97327
94751
37499
49429
57239
97599
40918
61875
81288
63612
88110
40944
9787
46493
58654
63372
40995
40899
24940
41810
84389
43971
81659
92800
62456
29765
46333
59034
86467
73388
22234
63977
54824
41819
83447
14889
61352
89203
75960
98931
55301
55824
28349
36251
64842
72025
30940
63828
81476
10995
73336
24330
4067
17681
26730
25348
58070
64973
19657
16137
38092
52875
83668
1317
70016
71565
38863
74004
52726
95016
48294
4448
18853
58308
94976
64489
48978
98794
25562
3002
84370
8954
60681
13003
9628
57092
93565
47197
18457
80943
85744
45469
33355
48795
21457
35212
23121
12948
871
53357
50869
51081
36283
17582
89613
2566
65186
43419
62527
58787
9419
63849
625
59234
90560
58447
61850
78396
58332
40266
22506
62451
970
80385
34424
89260
84347
72399
39456
80383
10108
52131
46621
89607
92143
91452
6640
28922
25436
79338
63603
69924
61665
88142
24187
76292
11882
98569
61052
81303
68167
22946
59022
23266
73403
23102
20088
91300
71084
66566
66485
14076
35595
2748
19827
44918
17431
69417
88685
58105
37560
58981
67026
73266
30447
83987
31551
67415
66241
81718
27273
17495
79168
88876
47529
40221
91423
99092
47180
60559
49650
88368
75873
45354
84593
56519
82014
84417
63531
86339
17495
87828
29884
66407
68246
95221
14643
58345
46314
60553
60284
14826
5449
84085
19378
70711
84068
12303
77329
36480
37001
16009
1504
20452
90533
86996
37471
94284
44067
64543
57142
94857
46108
14371
13337
24901
92275
34751
70601
74553
28721
57148
63070
36553
95583
42073
76775
28890
12002
44735
65958
70434
86752
39656
90818
77473
36680
48568
7570
62057
8905
11724
50770
16654
32157
79167
22567
63866
67606
75579
43875
34838
90218
9972
28432
15431
7928
59805
12263
65408
17811
58051
8295
72562
5953
51242
58714
51112
20880
76752
26060
31674
89158
28334
98211
18726
96174
40376
82048
10716
25144
23399
25968
87842
33004
25951
42349
73009
43159
81427
97654
62583
51899
22186
87
5309
77873
7961
42508
80101
32104
20681
51813
86435
49839
23655
55045
14657
4883
69476
97203
7772
22127
68076
36066
61140
14582
94006
95297
31997
97549
20343
78665
46828
74390
15553
35456
1347
45952
29157
19941
45237
68772
22268
6256
31747
76023
69829
4118
90881
79508
72837
70507
54155
91056
70863
27777
18758
37306
37876
79622
89414
93143
77674
62898
77416
25931
9127
85513
67970
25233
46037
78423
89406
90811
31540
33242
30774
65523
82820
6037
57956
29070
38310
42610
72685
13620
76597
20871
43694
62936
93959
11899
14726
32938
85713
32833
60257
23492
75529
1970
16494
38781
76376
9269
62599
96703
46969
83910
65073
46563
28365
74653
26832
8688
6803
58441
1769
19618
50917
58017
45437
52187
14136
80297
72996
81056
76382
83816
86661
81168
23101
45756
16644
79113
24223
26936
91932
25532
80806
26548
20247
20456
52935
77552
10122
2882
68867
58330
12300
10891
42461
86521
92488
29280
93608
16940
73028
67921
74691
87043
97111
55977
54998
40627
75954
94622
4611
13264
76669
84043
49410
81457
96586
29281
39692
61541
48371
33871
86278
94113
49550
10242
70080
65066
69877
71492
23727
95272
40506
20432
17191
77557
70029
18664
53262
51780
44158
1004
93260
86713
8237
98684
88583
80816
44709
48553
89443
3140
61324
94875
38616
70253
67
35364
35043
95447
61682
23708
69826
52421
16147
17144
95438
67226
35550
49502
87907
89470
42589
17683
1288
96600
15247
92664
93899
53542
26213
4906
26602
84066
24196
8418
94849
9947
83564
97768
58242
79314
58555
37972
74055
36559
78840
68438
24441
82738
14290
59089
51001
37617
18567
29236
74915
42339
33517
88000
86039
35154
99316
18766
30143
91726
68945
9623
9916
46244
69819
26706
42403
99906
90232
38035
83209
79270
93791
21701
36128
28588
81112
34150
15749
7424
24800
71821
20171
17680
1087
32566
1121
2640
29499
72024
89557
44699
10535
54520
46308
38155
20567
18097
59288
28791
83061
8910
1561
92909
85670
91500
97794
75066
53902
8342
20572
15990
23775
44600
52606
79944
78238
52150
6033
34315
25154
716
85813
43231
98212
53341
20649
11767
56396
8453
61907
57605
42514
11419
68697
92968
36751
14757
55568
71243
7333
58049
78194
89919
17152
46167
71991
44266
92516
27498
38765
94688
98228
12696
97310
44718
91770
28823
75280
26358
48639
73806
21722
54789
60715
21748
62344
45438
10062
30927
2861
82964
11636
23187
9718
93940
162
35973
62029
2827
8750
96369
73740
44322
49865
30312
30838
64198
62822
99510
74838
65508
36270
53633
90855
47326
48952
95991
26205
39172
97526
87172
73829
55832
96372
53003
3713
84514
40997
20753
15064
69100
24069
80585
12148
74702
81052
58085
77531
99838
21066
88051
27844
53214
67801
99781
89295
27486
95199
59710
22789
83251
93108
68537
61827
3197
39198
76873
293
88451
85210
65947
81781
47081
87923
38081
97276
68095
28266
75380
93829
83419
65562
54504
33276
95004
68171
50394
17105
84553
46638
22475
11245
29343
90955
53129
62866
19147
79639
110
201
6523
85102
32134
45922
25532
47104
39955
54841
82411
24114
54084
7431
55832
60993
54633
52162
44045
30646
28838
91629
61575
17176
17427
50190
19069
8546
92285
44074
16494
57857
24758
98889
42076
54125
36449
23986
97217
15763
72522
58322
61072
82981
1284
48255
67557
38939
23213
4150
92264
33709
67627
9698
37094
19965
65816
25547
56366
34833
15757
37147
89762
78419
95396
45602
54643
46271
39016
89939
3143
70432
64361
19291
67873
11673
26938
4391
4159
24149
82328
89101
86456
82959
57349
34839
31887
24920
66562
3374
4851
3388
61882
56809
3177
99067
69937
27460
38558
60467
54369
24919
1793
70043
38368
2749
46841
45061
36555
3063
36772
85804
74671
33664
69398
78003
20591
9481
40707
41242
10802
7694
10181
90543
32758
44272
3653
44492
15432
78538
26572
69971
87880
91947
63371
945
88807
67452
7106
6729
48869
16582
97588
13791
21848
62862
45964
4349
10866
92162
89016
24935
21438
23329
47421
38542
74423
35688
58784
45097
28866
13949
18460
76768
97184
35632
89034
46926
83359
31246
32757
94613
38514
93306
80347
19972
7675
96669
74238
50303
36539
19735
14727
11327
17692
23735
93403
3677
82028
55607
19826
768
82962
88927
34640
90959
78605
6874
55135
84232
90175
61401
17712
91651
3703
13594
65823
64454
86484
71598
81624
48864
9749
94579
74942
72588
4657
23828
24092
29439
30014
35437
9692
69648
96983
82909
94785
35163
78582
12578
82459
1588
29923
89940
25574
1422
58898
70765
72313
6855
16418
87280
5965
44617
20341
96801
77688
250
87842
57820
36949
44661
27287
56900
35938
81902
32530
8616
21434
73904
30096
90356
30462
45214
52845
53973
74500
8797
52492
77057
31126
82580
17735
78047
61652
85626
34787
21444
38660
12727
12731
82051
98293
86660
97394
20486
28747
78488
14342
46134
68607
68013
14091
8237
16508
88847
40802
61026
47063
65577
9481
94578
87071
4082
56107
9512
30737
40334
20113
40699
62952
87835
29325
2819
15665
49384
83700
38913
3926
74926
76101
1999
75419
54014
45906
89372
60109
28761
34326
79378
25113
1142
99142
91269
23945
87141
50924
152
79049
39450
92825
91104
51802
20309
81703
29214
35191
56555
79561
55583
50885
50068
31229
93277
44690
48528
86698
61741
52164
3785
84675
53388
49643
58094
27707
21860
15022
2124
8591
67893
97305
42850
92836
85759
34328
4327
22561
50949
63946
59817
83503
88041
45631
59868
68690
56647
46564
77660
79866
32863
49192
40323
30878
43831
5652
52902
56038
33823
98539
50264
80832
1687
67227
31470
82390
51528
24264
41025
52774
41193
17318
61876
79396
96429
88756
76152
73792
82482
47116
31396
12480
89499
92578
22374
1789
93226
32005
61547
42307
98333
78188
64921
47988
58098
52650
24196
69988
91245
1702
71019
85939
84401
91367
64645
41631
76943
68422
50384
73984
73931
61970
43001
1703
22361
52807
86551
43136
16173
